in    F    L    S   R2   R5   R10  P1:6 P2   P3   P4   E2:5 E4   E8:3
00    3    3    3    3    3    3    3    3    3    3    3    3    3
01    3    3    3    3    3    3    3    3    3    3    3    3    3
02    3    3    3    3    3    3    3    3    3    3    3    3    3
03    3    3    3    3    3    3    3    3    3    3    3    3    3
04    3    3    3    3    3    3    3    3    3    3    3    3    3
05    3    3    3    3    3    3    3    3    3    3    3    3    3
06    3    3    3    3    3    3    3    3    3    3    3    3    3
07    3    3    3    3    3    3    3    3    3    3    3    3    3
08    3    3    3    3    3    3    3    3    3    3    3    3    3
09    3    3    3    3    3    3    3    3    3    3    3    3    3
10    3    3    3    3    3    3    3    3    3    3    3    3    3
11    3    3    3    3    3    3    3    3    3    3    3    3    3
12    3    3    3    3    3    3    3    3    3    3    3    3    3
13    3    3    3    3    3    3    3    3    3    3    3    3    3
14    3    3    3    3    3    3    3    3    3    3    3    3    3
SUM  45   45   45   45   45   45   45   45   45   45   45   45   45
585 out of 585 correct
